  1948        2026
 1948    26.74   27.14   27.73   28.01   28.60   27.97   27.73   27.27   26.95   26.44   26.32   27.36
 1949    26.78   27.32   26.76   27.79   28.20   26.89   27.25   26.99   26.46   26.57   25.69   25.89
 1950    25.76   25.78   26.54   26.76   26.83   27.00   26.93   26.57   26.15   26.47   26.03   26.19
 1951    26.04   26.65   27.34   27.88   28.15   28.13   27.97   27.89   27.75   27.96   27.77   27.62
 1952    27.36   27.34   27.31   28.30   27.92   27.24   27.00   27.00   27.03   27.19   26.89   26.64
 1953    27.44   27.43   27.61   28.38   28.53   28.56   27.96   27.54   27.94   27.30   27.77   27.10
 1954    27.26   27.49   27.36   27.40   27.69   27.40   26.93   26.33   26.09   26.69   26.53   26.29
 1955    26.50   26.51   26.76   27.13   26.89   27.23   26.45   26.57   25.99   25.45   25.43   25.52
 1956    25.72   26.46   26.94   27.29   27.54   27.37   26.94   26.57   26.48   26.57   26.48   26.68
 1957    26.77   27.10   27.61   28.37   28.72   28.20   28.07   28.30   27.76   28.01   28.12   28.20
 1958    28.53   28.61   28.52   28.45   28.53   28.31   27.83   27.64   27.27   27.29   27.47   27.30
 1959    27.72   27.62   27.77   28.21   28.33   27.74   27.22   27.02   26.93   27.13   27.08   27.00
 1960    26.77   26.89   27.40   27.85   27.93   27.60   27.31   27.17   27.13   26.96   26.84   26.90
 1961    26.87   27.06   27.20   27.64   27.90   28.00   27.31   26.85   26.60   26.57   26.89   26.67
 1962    26.49   26.72   27.13   27.56   27.47   27.55   27.30   27.03   26.65   26.72   26.69   26.52
 1963    26.41   26.74   27.32   27.84   27.87   27.62   28.24   27.91   27.87   27.96   27.80   27.81
 1964    27.64   27.53   27.29   27.48   27.30   27.02   26.80   26.35   26.03   26.23   25.96   26.03
 1965    26.34   26.78   27.19   27.72   28.10   28.40   28.24   28.17   28.04   28.45   28.35   28.28
 1966    27.94   27.70   28.28   28.29   27.78   28.13   27.90   27.20   27.09   26.99   27.05   26.70
 1967    26.36   26.50   27.04   27.37   27.87   27.93   27.41   26.94   26.64   26.77   26.81   26.71
 1968    26.43   26.56   26.83   27.50   27.50   28.12   27.78   27.50   27.19   27.50   27.86   27.69
 1969    28.12   28.24   28.11   28.39   28.64   28.23   27.61   27.66   27.76   27.85   27.78   27.90
 1970    27.37   27.21   27.66   28.18   28.05   27.61   27.07   26.61   26.38   26.49   26.37   26.06
 1971    25.46   25.80   26.31   27.07   27.26   26.99   26.82   26.56   26.37   26.34   26.41   26.38
 1972    26.49   27.05   27.45   28.21   28.41   28.44   28.36   28.22   28.19   28.50   28.62   28.50
 1973    28.25   28.17   28.00   27.62   27.54   27.11   26.60   26.25   26.00   25.79   25.27   25.06
 1974    25.13   25.65   26.23   26.90   27.10   27.42   26.77   26.92   26.76   26.31   26.22   26.27
 1975    26.59   26.68   26.74   27.27   27.20   26.70   26.51   26.02   25.73   25.66   25.82   25.27
 1976    25.43   26.21   26.78   27.43   27.57   27.73   27.63   27.48   27.58   27.90   27.98   27.60
 1977    27.73   27.51   27.79   27.78   28.02   28.26   28.09   27.48   27.69   27.98   27.93   27.85
 1978    27.69   27.56   27.63   27.52   27.83   27.56   27.39   26.72   26.98   26.94   27.12   27.33
 1979    27.22   27.30   27.68   28.07   28.12   27.98   27.59   27.28   27.59   27.43   27.66   27.72
 1980    27.61   27.61   27.79   28.14   28.41   28.33   27.82   27.14   27.07   27.19   27.41   27.34
 1981    26.72   26.83   27.50   27.45   27.89   27.70   27.17   27.10   27.21   27.23   26.91   27.12
 1982    27.24   27.13   27.64   28.27   28.71   28.83   28.06   27.93   28.47   28.86   28.72   28.85
 1983    28.85   28.74   28.77   28.67   28.86   28.44   27.59   27.26   26.92   26.31   26.28   26.47
 1984    26.38   26.78   27.01   27.35   27.49   27.21   27.18   27.03   27.02   26.65   26.35   26.03
 1985    26.37   26.42   26.73   27.01   27.30   27.18   27.23   27.03   26.96   26.99   27.04   26.98
 1986    26.67   26.94   27.32   27.72   27.96   27.97   27.85   27.82   27.94   27.91   28.33   28.18
 1987    28.00   28.16   28.48   28.61   28.81   28.87   28.70   28.54   28.61   28.53   28.41   28.13
 1988    27.91   27.41   27.71   27.56   27.09   26.68   26.45   26.39   26.41   25.66   25.43   25.49
 1989    25.35   25.89   26.50   26.97   27.46   27.46   27.20   26.76   27.05   27.03   26.88   27.31
 1990    27.16   27.60   27.74   28.28   28.33   28.05   27.99   27.71   27.65   27.69   27.55   27.61
 1991    27.75   27.67   27.85   28.46   28.63   28.62   28.43   28.22   27.85   28.27   28.39   28.51
 1992    28.51   28.58   28.80   29.18   29.15   28.60   28.09   27.58   27.40   27.22   27.27   27.24
 1993    27.52   27.68   27.97   28.65   29.03   28.42   27.92   27.75   27.75   27.61   27.62   27.58
 1994    27.39   27.17   27.74   28.22   28.43   28.35   28.10   28.00   27.81   28.16   28.30   28.32
 1995    28.01   28.05   28.13   28.33   28.30   28.05   27.69   27.00   26.79   26.64   26.44   26.47
 1996    26.49   26.60   27.11   27.70   27.93   27.77   27.41   27.29   27.10   27.11   27.13   26.85
 1997    26.92   27.17   27.67   28.46   28.89   28.94   28.94   28.89   29.06   29.07   29.18   29.02
 1998    28.98   28.78   28.67   28.56   28.77   27.59   27.19   26.75   26.45   26.22   26.24   25.79
 1999    25.49   25.97   26.71   27.30   27.40   27.27   26.84   26.47   26.55   26.44   26.00   25.81
 2000    25.75   26.00   26.55   27.20   27.34   27.48   27.19   27.14   27.10   26.83   26.71   26.34
 2001    26.43   26.55   27.22   27.75   28.04   28.03   27.85   27.56   27.39   27.51   27.22   26.97
 2002    27.17   27.41   27.83   28.29   28.58   28.68   28.39   28.16   28.23   28.31   28.53   28.49
 2003    27.75   27.94   28.15   28.24   27.91   28.15   27.98   27.79   27.63   27.88   27.77   27.67
 2004    27.60   27.62   27.68   28.26   28.37   28.30   28.29   28.14   28.10   28.12   28.16   28.06
 2005    27.94   27.74   28.17   28.41   28.51   28.30   27.70   27.56   27.48   27.49   27.07   26.59
 2006    26.48   26.63   26.99   27.88   28.19   28.23   27.98   28.00   28.09   28.14   28.32   28.32
 2007    27.86   27.52   27.67   28.01   27.94   28.01   27.49   26.96   26.52   26.31   25.97   25.82
 2008    25.57   25.62   26.47   27.12   27.43   27.48   27.55   27.34   27.13   27.11   26.94   26.50
 2009    26.30   26.60   27.03   27.86   28.39   28.57   28.32   28.10   28.06   28.35   28.71   28.83
 2010    28.49   28.46   28.55   28.60   28.18   27.65   26.92   26.41   26.08   25.90   25.94   25.81
 2011    25.77   26.18   26.82   27.37   27.72   27.82   27.54   26.93   26.73   26.48   26.40   26.25
 2012    26.26   26.61   27.08   27.72   27.97   28.08   27.95   27.94   27.72   27.64   27.66   27.22
 2013    26.86   26.89   27.38   27.92   27.93   27.75   27.49   27.15   27.32   27.23   27.45   27.08
 2014    26.92   27.02   27.73   28.45   28.71   28.44   27.85   27.64   27.73   27.83   28.16   28.02
 2015    27.80   27.92   28.35   29.09   29.28   29.26   29.07   28.98   29.10   29.30   29.54   29.37
 2016    29.30   29.12   29.11   29.10   28.81   28.40   27.73   27.39   27.22   27.00   26.95   27.07
 2017    26.94   27.48   27.79   28.36   28.58   28.48   28.10   27.54   27.23   27.26   26.88   26.59
 2018    26.53   26.78   27.12   27.90   28.35   28.34   28.12   27.84   27.93   28.39   28.48   28.34
 2019    28.05   28.13   28.53   28.83   29.01   28.83   28.37   27.84   27.61   28.16   28.14   27.97
 2020    28.01   27.93   28.26   28.67   28.22   27.98   27.80   27.20   26.77   26.48   26.44   26.22
 2021    26.05   26.25   26.97   27.54   27.93   28.00   27.54   27.13   26.94   26.64   26.63   26.35
 2022    26.61   26.71   26.94   27.27   27.40   27.51   27.22   26.69   26.50   26.56   26.59   26.61
 2023    26.60   26.78   27.53   28.26   28.67   28.89   28.69   28.69   28.83   28.90   29.18   29.00
 2024    28.81   28.65   28.65   28.99   28.68   28.40   28.12   27.68   27.33   27.38   27.29   26.72
 2025    26.53   26.83   27.65   27.96   28.25   28.18   27.87   27.34   27.11   26.97   26.79   26.85
 2026    26.77   27.23   27.84   28.75   29.27   29.61   29.45   29.38  -99.99  -99.99  -99.99  -99.99
  -99.99
  NINA34
 5N-5S 170W-120W 
 ERSST V6 
 
